7.940999999999999659e+01
1.434999999999999831e+00
7.479999999999999982e-01
6.867999999999999439e+00
9.000999999999999446e+00
9.942999999999999261e+01
3.968999999999999861e+00
7.320000000000000118e-02
1.099900000000000010e-02
-5.000000000000000000e+01
3.000000000000000000e+01
-8.000000000000000000e+01
-2.000000000000000000e+01
1.001100000000000101e+00
3.412900000000000045e+00
1.765000000000000124e+00
1.309299999999999908e+00
1.679200000000000026e+00
1.934499999999999886e+00
1.114100000000000090e+00
1.488699999999999912e+00
2.558499999999999996e+00
1.027199999999999891e+00
2.991999999999999993e+00
1.752099999999999991e+00
1.066400000000000015e+00
1.438600000000000101e+00
1.000000000000000000e+00
1.703699999999999992e+00
2.293899999999999828e+00
1.000000000000000000e+00
1.053700000000000081e+00
2.866000000000000103e+00
1.000000000000000000e+00
1.523800000000000043e+00
1.000000000000000000e+00
3.240400000000000169e+00
3.039099999999999913e+00
2.000000000000000000e+01
0.000000000000000000e+00
