7.715999999999999659e+01
1.516999999999999904e+00
3.899999999999999994e-02
1.183000000000000052e+00
5.994000000000000661e+00
7.120999999999999375e+01
1.133999999999999897e+00
3.780000000000000027e-02
2.598400000000000015e-02
-5.000000000000000000e+01
3.000000000000000000e+01
-8.000000000000000000e+01
-2.000000000000000000e+01
1.877000000000000002e+00
1.887999999999999901e+00
3.717999999999999972e+00
1.425999999999999934e+00
2.883999999999999897e+00
3.165999999999999925e+00
1.032000000000000028e+00
2.272000000000000242e+00
3.661000000000000032e+00
1.514000000000000012e+00
3.328000000000000291e+00
1.122999999999999998e+00
1.834000000000000075e+00
1.564000000000000057e+00
1.000000000000000000e+00
1.935000000000000053e+00
3.766000000000000014e+00
1.000000000000000000e+00
1.026000000000000023e+00
2.448999999999999844e+00
1.000000000000000000e+00
1.917000000000000037e+00
1.000000000000000000e+00
3.447999999999999954e+00
1.854999999999999982e+00
2.000000000000000000e+01
0.000000000000000000e+00
