7.940999999999999659e+01
1.434999999999999831e+00
7.479999999999999982e-01
6.867999999999999439e+00
9.000999999999999446e+00
9.942999999999999261e+01
3.968999999999999861e+00
7.320000000000000118e-02
1.099900000000000010e-02
-5.000000000000000000e+01
3.000000000000000000e+01
-8.000000000000000000e+01
-2.000000000000000000e+01
1.120500000000000052e+00
3.694300000000000139e+00
2.129799999999999915e+00
1.052799999999999958e+00
1.257700000000000040e+00
2.467900000000000205e+00
1.625199999999999978e+00
3.368199999999999861e+00
2.472100000000000186e+00
1.888800000000000034e+00
1.872999999999999998e+00
1.383700000000000152e+00
1.064300000000000024e+00
1.782399999999999984e+00
1.000000000000000000e+00
1.981300000000000061e+00
1.963000000000000078e+00
1.000000000000000000e+00
1.067700000000000093e+00
2.989900000000000002e+00
1.000000000000000000e+00
1.371599999999999930e+00
1.000000000000000000e+00
1.974399999999999933e+00
3.848500000000000032e+00
2.000000000000000000e+01
0.000000000000000000e+00
