7.715999999999999659e+01
1.516999999999999904e+00
3.899999999999999994e-02
1.183000000000000052e+00
5.994000000000000661e+00
7.120999999999999375e+01
1.133999999999999897e+00
3.780000000000000027e-02
2.598400000000000015e-02
-5.000000000000000000e+01
3.000000000000000000e+01
-8.000000000000000000e+01
-2.000000000000000000e+01
1.827999999999999847e+00
1.828000000000000069e+00
1.995999999999999996e+00
1.314999999999999947e+00
1.294000000000000039e+00
1.171000000000000041e+00
1.137000000000000011e+00
1.512999999999999901e+00
1.596999999999999975e+00
1.637999999999999901e+00
2.878000000000000114e+00
1.558000000000000052e+00
1.227999999999999980e+00
2.121999999999999886e+00
1.000000000000000000e+00
1.907000000000000028e+00
1.584999999999999964e+00
1.000000000000000000e+00
1.602999999999999980e+00
1.546000000000000041e+00
1.000000000000000000e+00
1.842000000000000082e+00
1.000000000000000000e+00
1.993000000000000105e+00
1.129000000000000004e+00
2.000000000000000000e+01
0.000000000000000000e+00
